date,location,total_cases,new_cases,total_deaths,new_deaths
2020-03-01,India,3,3,0,0
2020-03-02,India,5,2,0,0
2020-03-03,India,22,17,0,0
2020-03-04,India,28,6,0,0
2020-03-05,India,30,2,0,0
2020-03-06,India,31,1,0,0
2020-03-07,India,34,3,0,0
2020-03-08,India,39,5,0,0
2020-03-09,India,43,4,0,0
2020-03-10,India,50,7,0,0